 5.32940794e+10
 4.34270731e+10
 3.54996354e+10
 2.91225717e+10
 2.39866673e+10
 1.98457730e+10
 1.65035900e+10
 1.38033148e+10
 1.16195022e+10
 9.85165332e+09
 8.41915176e+09
 7.25725342e+09
 6.31390516e+09
 5.54721521e+09
 4.92343832e+09
 4.41536810e+09
 4.00105235e+09
 3.66276482e+09
 3.38618142e+09
 3.15971920e+09
 2.97400546e+09
 2.82145102e+09
 2.69590675e+09
 2.59238705e+09
 2.50684692e+09
 2.43600222e+09
 2.37718461e+09
 2.32822438e+09
 2.28735588e+09
 2.25314095e+09
 2.22440711e+09
 2.20019747e+09
 2.17973023e+09
 2.16236587e+09
 2.14758054e+09
 2.13494456e+09
 2.12410489e+09
 2.11477098e+09
 2.10670327e+09
 2.09970383e+09
 2.09360878e+09
 2.08828208e+09
 2.08361057e+09
 2.07949980e+09
 2.07587077e+09
 2.07265715e+09
 2.06980310e+09
 2.06726147e+09
 2.06499225e+09
 2.06296142e+09
 2.06113993e+09
 2.05950289e+09
 2.05802886e+09
 2.05669936e+09
 2.05549834e+09
 2.05441185e+09
 2.05342771e+09
 2.05253524e+09
 2.05172507e+09
 2.05098891e+09
 2.05031943e+09
 2.04971013e+09
 2.04915523e+09
 2.04864956e+09
 2.04818850e+09
 2.04776793e+09
 2.04738410e+09
 2.04703369e+09
 2.04671367e+09
 2.04642132e+09
 2.04615417e+09
 2.04590999e+09
 2.04568677e+09
 2.04548265e+09
 2.04529598e+09
 2.04512524e+09
 2.04496905e+09
 2.04482615e+09
 2.04469540e+09
 2.04457576e+09
 2.04446626e+09
 2.04436605e+09
 2.04427433e+09
 2.04419038e+09
 2.04411353e+09
 2.04404319e+09
 2.04397879e+09
 2.04391983e+09
 2.04386586e+09
 2.04381644e+09
 2.04377120e+09
 2.04372978e+09
 2.04369185e+09
 2.04365713e+09
 2.04362533e+09
 2.04359622e+09
 2.04356956e+09
 2.04354515e+09
 2.04352280e+09
 2.04350234e+09
 2.04348360e+09
 2.04346644e+09
 2.04345073e+09
 2.04343634e+09
 2.04342317e+09
 2.04341111e+09
 2.04340006e+09
 2.04338994e+09
 2.04338068e+09
 2.04337220e+09
 2.04336443e+09
 2.04335732e+09
 2.04335081e+09
 2.04334484e+09
 2.04333938e+09
 2.04333438e+09
 2.04332980e+09
 2.04332561e+09
 2.04332177e+09
 2.04331825e+09
 2.04331503e+09
 2.04331209e+09
 2.04330939e+09
 2.04330691e+09
 2.04330465e+09
 2.04330258e+09
 2.04330068e+09
 2.04329894e+09
 2.04329735e+09
 2.04329589e+09
 2.04329455e+09
 2.04329333e+09
 2.04329221e+09
 2.04329119e+09
 2.04329025e+09
 2.04328939e+09
 2.04328860e+09
 2.04328788e+09
 2.04328722e+09
 2.04328662e+09
 2.04328606e+09
 2.04328556e+09
 2.04328509e+09
 2.04328467e+09
 2.04328428e+09
 2.04328392e+09
 2.04328360e+09
 2.04328330e+09
 2.04328302e+09
 2.04328277e+09
 2.04328254e+09
 2.04328233e+09
 2.04328214e+09
 2.04328197e+09
 2.04328180e+09
 2.04328166e+09
 2.04328152e+09
 2.04328140e+09
 2.04328128e+09
 2.04328118e+09
 2.04328108e+09
 2.04328100e+09
 2.04328092e+09
 2.04328084e+09
 2.04328078e+09
 2.04328072e+09
 2.04328066e+09
 2.04328061e+09
 2.04328056e+09
 2.04328052e+09
 2.04328048e+09
 2.04328044e+09
 2.04328041e+09
 2.04328038e+09
 2.04328035e+09
 2.04328033e+09
 2.04328030e+09
 2.04328028e+09
 2.04328026e+09
 2.04328024e+09
 2.04328023e+09
 2.04328021e+09
 2.04328020e+09
 2.04328019e+09
 2.04328018e+09
 2.04328017e+09
 2.04328016e+09
 2.04328015e+09
 2.04328014e+09
 2.04328013e+09
 2.04328012e+09
 2.04328012e+09
 2.04328011e+09
 2.04328011e+09
 2.04328010e+09
 2.04328010e+09
 2.04328009e+09
 2.04328009e+09
 2.04328009e+09
 2.04328008e+09
 2.04328008e+09
 2.04328008e+09
 2.04328008e+09
 2.04328007e+09
 2.04328007e+09
 2.04328007e+09
 2.04328007e+09
 2.04328007e+09
 2.04328007e+09
 2.04328006e+09
 2.04328006e+09
 2.04328006e+09
 2.04328006e+09
 2.04328006e+09
 2.04328006e+09
 2.04328006e+09
 2.04328006e+09
 2.04328006e+09
 2.04328006e+09
 2.04328006e+09
 2.04328006e+09
 2.04328006e+09
 2.04328006e+09
 2.04328005e+09
 2.04328005e+09
 2.04328005e+09
 2.04328005e+09
 2.04328005e+09
 2.04328005e+09
 2.04328005e+09
 2.04328005e+09
 2.04328005e+09
 2.04328005e+09
 2.04328005e+09
 2.04328005e+09
 2.04328005e+09
 2.04328005e+09
 2.04328005e+09
 2.04328005e+09
 2.04328005e+09
 2.04328005e+09
 2.04328005e+09
 2.04328005e+09
 2.04328005e+09
 2.04328005e+09
 2.04328005e+09
 2.04328005e+09
 2.04328005e+09
 2.04328005e+09
 2.04328005e+09
 2.04328005e+09
 2.04328005e+09
 2.04328005e+09
 2.04328005e+09
 2.04328005e+09
 2.04328005e+09
 2.04328005e+09
 2.04328005e+09
 2.04328005e+09
 2.04328005e+09
 2.04328005e+09
 2.04328005e+09
 2.04328005e+09
 2.04328005e+09
 2.04328005e+09
 2.04328005e+09
 2.04328005e+09
 2.04328005e+09
 2.04328005e+09
 2.04328005e+09
 2.04328005e+09
 2.04328005e+09
 2.04328005e+09
 2.04328005e+09
 2.04328005e+09
 2.04328005e+09
 2.04328005e+09
 2.04328005e+09
 2.04328005e+09
 2.04328005e+09
 2.04328005e+09
 2.04328005e+09
 2.04328005e+09
 2.04328005e+09
 2.04328005e+09
 2.04328005e+09
 2.04328005e+09
 2.04328005e+09
 2.04328005e+09
 2.04328005e+09
 2.04328005e+09
 2.04328005e+09
 2.04328005e+09
 2.04328005e+09
 2.04328005e+09
 2.04328005e+09
 2.04328005e+09
 2.04328005e+09
 2.04328005e+09
 2.04328005e+09
 2.04328005e+09
 2.04328005e+09
 2.04328005e+09
 2.04328005e+09
 2.04328005e+09
 2.04328005e+09
 2.04328005e+09
 2.04328005e+09
 2.04328005e+09
 2.04328005e+09
 2.04328005e+09
 2.04328005e+09
 2.04328005e+09
 2.04328005e+09
 2.04328005e+09
 2.04328005e+09
 2.04328005e+09
 2.04328005e+09
 2.04328005e+09
 2.04328005e+09
 2.04328005e+09
 2.04328005e+09
 2.04328005e+09
 2.04328005e+09
 2.04328005e+09
 2.04328005e+09
 2.04328005e+09
 2.04328005e+09
 2.04328005e+09
 2.04328005e+09
 2.04328005e+09
 2.04328005e+09
 2.04328005e+09
 2.04328005e+09
 2.04328005e+09
 2.04328005e+09
 2.04328005e+09
 2.04328005e+09
 2.04328005e+09
 2.04328005e+09
 2.04328005e+09
 2.04328005e+09
 2.04328005e+09
 2.04328005e+09
 2.04328005e+09
 2.04328005e+09
 2.04328005e+09
 2.04328005e+09
 2.04328005e+09
 2.04328005e+09
 2.04328005e+09
 2.04328005e+09
 2.04328005e+09
 2.04328005e+09
 2.04328005e+09
 2.04328005e+09
 2.04328005e+09
 2.04328005e+09
 2.04328005e+09
 2.04328005e+09
 2.04328005e+09
 2.04328005e+09
 2.04328005e+09
 2.04328005e+09
 2.04328005e+09
 2.04328005e+09
 2.04328005e+09
 2.04328005e+09
 2.04328005e+09
 2.04328005e+09
 2.04328005e+09
 2.04328005e+09
 2.04328005e+09
 2.04328005e+09
 2.04328005e+09
 2.04328005e+09
 2.04328005e+09
 2.04328005e+09
 2.04328005e+09
 2.04328005e+09
 2.04328005e+09
 2.04328005e+09
 2.04328005e+09
 2.04328005e+09
 2.04328005e+09
 2.04328005e+09
 2.04328005e+09
 2.04328005e+09
 2.04328005e+09
 2.04328005e+09
 2.04328005e+09
 2.04328005e+09
 2.04328005e+09
 2.04328005e+09
 2.04328005e+09
 2.04328005e+09
 2.04328005e+09
 2.04328005e+09
 2.04328005e+09
 2.04328005e+09
