 6.43007496e+10
 6.30367950e+10
 6.17991118e+10
 6.05871404e+10
 5.94003332e+10
 5.82381546e+10
 5.71000810e+10
 5.59856000e+10
 5.48942105e+10
 5.38254223e+10
 5.27787561e+10
 5.17537429e+10
 5.07499240e+10
 4.97668505e+10
 4.88040836e+10
 4.78611938e+10
 4.69377610e+10
 4.60333743e+10
 4.51476316e+10
 4.42801397e+10
 4.34305137e+10
 4.25983772e+10
 4.17833619e+10
 4.09851074e+10
 4.02032613e+10
 3.94374785e+10
 3.86874216e+10
 3.79527603e+10
 3.72331717e+10
 3.65283394e+10
 3.58379543e+10
 3.51617135e+10
 3.44993210e+10
 3.38504869e+10
 3.32149275e+10
 3.25923655e+10
 3.19825292e+10
 3.13851529e+10
 3.07999764e+10
 3.02267454e+10
 2.96652106e+10
 2.91151285e+10
 2.85762604e+10
 2.80483728e+10
 2.75312374e+10
 2.70246304e+10
 2.65283331e+10
 2.60421313e+10
 2.55658153e+10
 2.50991798e+10
 2.46420242e+10
 2.41941518e+10
 2.37553703e+10
 2.33254912e+10
 2.29043304e+10
 2.24917073e+10
 2.20874453e+10
 2.16913717e+10
 2.13033171e+10
 2.09231159e+10
 2.05506060e+10
 2.01856286e+10
 1.98280283e+10
 1.94776531e+10
 1.91343541e+10
 1.87979854e+10
 1.84684044e+10
 1.81454713e+10
 1.78290494e+10
 1.75190049e+10
 1.72152065e+10
 1.69175261e+10
 1.66258378e+10
 1.63400188e+10
 1.60599486e+10
 1.57855093e+10
 1.55165854e+10
 1.52530639e+10
 1.49948341e+10
 1.47417878e+10
 1.44938187e+10
 1.42508230e+10
 1.40126990e+10
 1.37793471e+10
 1.35506698e+10
 1.33265716e+10
 1.31069590e+10
 1.28917404e+10
 1.26808262e+10
 1.24741286e+10
 1.22715617e+10
 1.20730413e+10
 1.18784849e+10
 1.16878119e+10
 1.15009431e+10
 1.13178013e+10
 1.11383105e+10
 1.09623965e+10
 1.07899868e+10
 1.06210099e+10
 1.04553964e+10
 1.02930778e+10
 1.01339873e+10
 9.97805946e+09
 9.82523010e+09
 9.67543643e+09
 9.52861692e+09
 9.38471134e+09
 9.24366069e+09
 9.10540718e+09
 8.96989420e+09
 8.83706634e+09
 8.70686930e+09
 8.57924990e+09
 8.45415606e+09
 8.33153678e+09
 8.21134209e+09
 8.09352306e+09
 7.97803175e+09
 7.86482121e+09
 7.75384547e+09
 7.64505947e+09
 7.53841910e+09
 7.43388115e+09
 7.33140328e+09
 7.23094403e+09
 7.13246279e+09
 7.03591977e+09
 6.94127601e+09
 6.84849332e+09
 6.75753432e+09
 6.66836237e+09
 6.58094160e+09
 6.49523685e+09
 6.41121370e+09
 6.32883841e+09
 6.24807794e+09
 6.16889993e+09
 6.09127266e+09
 6.01516507e+09
 5.94054674e+09
 5.86738785e+09
 5.79565919e+09
 5.72533216e+09
 5.65637873e+09
 5.58877144e+09
 5.52248339e+09
 5.45748823e+09
 5.39376013e+09
 5.33127381e+09
 5.27000448e+09
 5.20992786e+09
 5.15102016e+09
 5.09325809e+09
 5.03661880e+09
 4.98107994e+09
 4.92661958e+09
 4.87321626e+09
 4.82084893e+09
 4.76949698e+09
 4.71914022e+09
 4.66975887e+09
 4.62133353e+09
 4.57384521e+09
 4.52727530e+09
 4.48160557e+09
 4.43681814e+09
 4.39289552e+09
 4.34982055e+09
 4.30757642e+09
 4.26614666e+09
 4.22551514e+09
 4.18566605e+09
 4.14658390e+09
 4.10825350e+09
 4.07065998e+09
 4.03378877e+09
 3.99762559e+09
 3.96215643e+09
 3.92736760e+09
 3.89324564e+09
 3.85977740e+09
 3.82694997e+09
 3.79475071e+09
 3.76316723e+09
 3.73218738e+09
 3.70179928e+09
 3.67199126e+09
 3.64275191e+09
 3.61407001e+09
 3.58593461e+09
 3.55833496e+09
 3.53126051e+09
 3.50470094e+09
 3.47864614e+09
 3.45308620e+09
 3.42801138e+09
 3.40341218e+09
 3.37927926e+09
 3.35560348e+09
 3.33237587e+09
 3.30958765e+09
 3.28723021e+09
 3.26529512e+09
 3.24377411e+09
 3.22265908e+09
 3.20194208e+09
 3.18161535e+09
 3.16167124e+09
 3.14210228e+09
 3.12290116e+09
 3.10406068e+09
 3.08557381e+09
 3.06743366e+09
 3.04963347e+09
 3.03216661e+09
 3.01502659e+09
 2.99820704e+09
 2.98170173e+09
 2.96550455e+09
 2.94960950e+09
 2.93401072e+09
 2.91870244e+09
 2.90367902e+09
 2.88893494e+09
 2.87446478e+09
 2.86026322e+09
 2.84632506e+09
 2.83264519e+09
 2.81921861e+09
 2.80604042e+09
 2.79310582e+09
 2.78041008e+09
 2.76794860e+09
 2.75571685e+09
 2.74371039e+09
 2.73192487e+09
 2.72035604e+09
 2.70899970e+09
 2.69785178e+09
 2.68690824e+09
 2.67616516e+09
 2.66561868e+09
 2.65526501e+09
 2.64510046e+09
 2.63512138e+09
 2.62532422e+09
 2.61570548e+09
 2.60626174e+09
 2.59698964e+09
 2.58788589e+09
 2.57894728e+09
 2.57017064e+09
 2.56155286e+09
 2.55309092e+09
 2.54478183e+09
 2.53662267e+09
 2.52861058e+09
 2.52074277e+09
 2.51301646e+09
 2.50542898e+09
 2.49797766e+09
 2.49065993e+09
 2.48347325e+09
 2.47641511e+09
 2.46948307e+09
 2.46267476e+09
 2.45598780e+09
 2.44941991e+09
 2.44296883e+09
 2.43663234e+09
 2.43040828e+09
 2.42429451e+09
 2.41828896e+09
 2.41238958e+09
 2.40659436e+09
 2.40090134e+09
 2.39530859e+09
 2.38981423e+09
 2.38441639e+09
 2.37911327e+09
 2.37390309e+09
 2.36878409e+09
 2.36375457e+09
 2.35881284e+09
 2.35395726e+09
 2.34918622e+09
 2.34449813e+09
 2.33989144e+09
 2.33536463e+09
 2.33091621e+09
 2.32654471e+09
 2.32224871e+09
 2.31802678e+09
 2.31387755e+09
 2.30979968e+09
 2.30579183e+09
 2.30185270e+09
 2.29798101e+09
 2.29417552e+09
 2.29043500e+09
 2.28675824e+09
 2.28314406e+09
 2.27959131e+09
 2.27609886e+09
 2.27266558e+09
 2.26929040e+09
 2.26597223e+09
 2.26271003e+09
 2.25950276e+09
 2.25634943e+09
 2.25324903e+09
 2.25020061e+09
 2.24720319e+09
 2.24425586e+09
 2.24135769e+09
 2.23850779e+09
 2.23570527e+09
 2.23294928e+09
 2.23023895e+09
 2.22757347e+09
 2.22495201e+09
 2.22237378e+09
 2.21983798e+09
 2.21734386e+09
 2.21489065e+09
 2.21247761e+09
 2.21010403e+09
 2.20776918e+09
 2.20547237e+09
 2.20321290e+09
 2.20099012e+09
 2.19880335e+09
 2.19665196e+09
 2.19453530e+09
 2.19245275e+09
 2.19040371e+09
 2.18838757e+09
 2.18640375e+09
 2.18445166e+09
 2.18253075e+09
 2.18064045e+09
 2.17878023e+09
 2.17694955e+09
 2.17514787e+09
 2.17337470e+09
 2.17162952e+09
 2.16991185e+09
 2.16822118e+09
 2.16655705e+09
 2.16491900e+09
 2.16330655e+09
 2.16171927e+09
 2.16015670e+09
 2.15861842e+09
 2.15710400e+09
 2.15561302e+09
 2.15414507e+09
 2.15269976e+09
 2.15127668e+09
 2.14987546e+09
 2.14849570e+09
 2.14713704e+09
 2.14579912e+09
 2.14448157e+09
 2.14318404e+09
 2.14190618e+09
 2.14064767e+09
 2.13940815e+09
 2.13818732e+09
 2.13698484e+09
 2.13580040e+09
 2.13463370e+09
 2.13348443e+09
 2.13235229e+09
 2.13123699e+09
 2.13013825e+09
 2.12905578e+09
 2.12798931e+09
 2.12693856e+09
 2.12590327e+09
 2.12488319e+09
 2.12387804e+09
 2.12288759e+09
 2.12191159e+09
 2.12094978e+09
 2.12000194e+09
 2.11906783e+09
 2.11814722e+09
 2.11723989e+09
 2.11634561e+09
 2.11546417e+09
 2.11459536e+09
 2.11373896e+09
 2.11289477e+09
 2.11206259e+09
 2.11124222e+09
 2.11043347e+09
 2.10963615e+09
 2.10885006e+09
