 3.27692516e+10
 1.71623711e+10
 9.61021267e+09
 5.90379071e+09
 4.06026765e+09
 3.12944715e+09
 2.65051823e+09
 2.39795258e+09
 2.26045855e+09
 2.18261981e+09
 2.13652733e+09
 2.10790813e+09
 2.08930803e+09
 2.07672313e+09
 2.06792452e+09
 2.06161733e+09
 2.05701335e+09
 2.05360976e+09
 2.05107175e+09
 2.04916823e+09
 2.04773510e+09
 2.04665343e+09
 2.04583567e+09
 2.04521679e+09
 2.04474809e+09
 2.04439297e+09
 2.04412383e+09
 2.04391982e+09
 2.04376515e+09
 2.04364788e+09
 2.04355896e+09
 2.04349154e+09
 2.04344042e+09
 2.04340166e+09
 2.04337226e+09
 2.04334997e+09
 2.04333307e+09
 2.04332026e+09
 2.04331054e+09
 2.04330317e+09
 2.04329758e+09
 2.04329334e+09
 2.04329013e+09
 2.04328769e+09
 2.04328585e+09
 2.04328445e+09
 2.04328338e+09
 2.04328258e+09
 2.04328197e+09
 2.04328150e+09
 2.04328115e+09
 2.04328089e+09
 2.04328068e+09
 2.04328053e+09
 2.04328041e+09
 2.04328033e+09
 2.04328026e+09
 2.04328021e+09
 2.04328017e+09
 2.04328014e+09
 2.04328012e+09
 2.04328010e+09
 2.04328009e+09
 2.04328008e+09
 2.04328007e+09
 2.04328007e+09
 2.04328006e+09
 2.04328006e+09
 2.04328006e+09
 2.04328006e+09
 2.04328005e+09
 2.04328005e+09
 2.04328005e+09
 2.04328005e+09
 2.04328005e+09
 2.04328005e+09
 2.04328005e+09
 2.04328005e+09
 2.04328005e+09
 2.04328005e+09
 2.04328005e+09
 2.04328005e+09
 2.04328005e+09
 2.04328005e+09
 2.04328005e+09
 2.04328005e+09
 2.04328005e+09
 2.04328005e+09
 2.04328005e+09
 2.04328005e+09
 2.04328005e+09
 2.04328005e+09
 2.04328005e+09
 2.04328005e+09
 2.04328005e+09
 2.04328005e+09
 2.04328005e+09
 2.04328005e+09
 2.04328005e+09
 2.04328005e+09
 2.04328005e+09
 2.04328005e+09
 2.04328005e+09
 2.04328005e+09
 2.04328005e+09
 2.04328005e+09
 2.04328005e+09
 2.04328005e+09
 2.04328005e+09
 2.04328005e+09
 2.04328005e+09
 2.04328005e+09
 2.04328005e+09
 2.04328005e+09
 2.04328005e+09
 2.04328005e+09
 2.04328005e+09
 2.04328005e+09
 2.04328005e+09
 2.04328005e+09
 2.04328005e+09
 2.04328005e+09
 2.04328005e+09
 2.04328005e+09
 2.04328005e+09
 2.04328005e+09
 2.04328005e+09
 2.04328005e+09
 2.04328005e+09
 2.04328005e+09
 2.04328005e+09
 2.04328005e+09
 2.04328005e+09
 2.04328005e+09
 2.04328005e+09
 2.04328005e+09
 2.04328005e+09
 2.04328005e+09
 2.04328005e+09
 2.04328005e+09
 2.04328005e+09
 2.04328005e+09
 2.04328005e+09
 2.04328005e+09
 2.04328005e+09
 2.04328005e+09
 2.04328005e+09
 2.04328005e+09
 2.04328005e+09
 2.04328005e+09
 2.04328005e+09
 2.04328005e+09
 2.04328005e+09
 2.04328005e+09
 2.04328005e+09
 2.04328005e+09
 2.04328005e+09
 2.04328005e+09
 2.04328005e+09
 2.04328005e+09
 2.04328005e+09
 2.04328005e+09
 2.04328005e+09
 2.04328005e+09
 2.04328005e+09
 2.04328005e+09
 2.04328005e+09
 2.04328005e+09
 2.04328005e+09
 2.04328005e+09
 2.04328005e+09
 2.04328005e+09
 2.04328005e+09
 2.04328005e+09
 2.04328005e+09
 2.04328005e+09
 2.04328005e+09
 2.04328005e+09
 2.04328005e+09
 2.04328005e+09
 2.04328005e+09
 2.04328005e+09
 2.04328005e+09
 2.04328005e+09
 2.04328005e+09
 2.04328005e+09
 2.04328005e+09
 2.04328005e+09
 2.04328005e+09
 2.04328005e+09
 2.04328005e+09
 2.04328005e+09
 2.04328005e+09
 2.04328005e+09
 2.04328005e+09
 2.04328005e+09
 2.04328005e+09
 2.04328005e+09
 2.04328005e+09
 2.04328005e+09
 2.04328005e+09
 2.04328005e+09
 2.04328005e+09
 2.04328005e+09
 2.04328005e+09
 2.04328005e+09
 2.04328005e+09
 2.04328005e+09
 2.04328005e+09
 2.04328005e+09
 2.04328005e+09
 2.04328005e+09
 2.04328005e+09
 2.04328005e+09
 2.04328005e+09
 2.04328005e+09
 2.04328005e+09
 2.04328005e+09
 2.04328005e+09
 2.04328005e+09
 2.04328005e+09
 2.04328005e+09
 2.04328005e+09
 2.04328005e+09
 2.04328005e+09
 2.04328005e+09
 2.04328005e+09
 2.04328005e+09
 2.04328005e+09
 2.04328005e+09
 2.04328005e+09
 2.04328005e+09
 2.04328005e+09
 2.04328005e+09
 2.04328005e+09
 2.04328005e+09
 2.04328005e+09
 2.04328005e+09
 2.04328005e+09
 2.04328005e+09
 2.04328005e+09
 2.04328005e+09
 2.04328005e+09
 2.04328005e+09
 2.04328005e+09
 2.04328005e+09
 2.04328005e+09
 2.04328005e+09
 2.04328005e+09
 2.04328005e+09
 2.04328005e+09
 2.04328005e+09
 2.04328005e+09
 2.04328005e+09
 2.04328005e+09
 2.04328005e+09
 2.04328005e+09
 2.04328005e+09
 2.04328005e+09
 2.04328005e+09
 2.04328005e+09
 2.04328005e+09
 2.04328005e+09
 2.04328005e+09
 2.04328005e+09
 2.04328005e+09
 2.04328005e+09
 2.04328005e+09
 2.04328005e+09
 2.04328005e+09
 2.04328005e+09
 2.04328005e+09
 2.04328005e+09
 2.04328005e+09
 2.04328005e+09
 2.04328005e+09
 2.04328005e+09
 2.04328005e+09
 2.04328005e+09
 2.04328005e+09
 2.04328005e+09
 2.04328005e+09
 2.04328005e+09
 2.04328005e+09
 2.04328005e+09
 2.04328005e+09
 2.04328005e+09
 2.04328005e+09
 2.04328005e+09
 2.04328005e+09
 2.04328005e+09
 2.04328005e+09
 2.04328005e+09
 2.04328005e+09
 2.04328005e+09
 2.04328005e+09
 2.04328005e+09
 2.04328005e+09
 2.04328005e+09
 2.04328005e+09
 2.04328005e+09
 2.04328005e+09
 2.04328005e+09
 2.04328005e+09
 2.04328005e+09
 2.04328005e+09
 2.04328005e+09
 2.04328005e+09
 2.04328005e+09
 2.04328005e+09
 2.04328005e+09
 2.04328005e+09
 2.04328005e+09
 2.04328005e+09
 2.04328005e+09
 2.04328005e+09
 2.04328005e+09
 2.04328005e+09
 2.04328005e+09
 2.04328005e+09
 2.04328005e+09
 2.04328005e+09
 2.04328005e+09
 2.04328005e+09
 2.04328005e+09
 2.04328005e+09
 2.04328005e+09
 2.04328005e+09
 2.04328005e+09
 2.04328005e+09
 2.04328005e+09
 2.04328005e+09
 2.04328005e+09
 2.04328005e+09
 2.04328005e+09
 2.04328005e+09
 2.04328005e+09
 2.04328005e+09
 2.04328005e+09
 2.04328005e+09
 2.04328005e+09
 2.04328005e+09
 2.04328005e+09
 2.04328005e+09
 2.04328005e+09
 2.04328005e+09
 2.04328005e+09
 2.04328005e+09
 2.04328005e+09
 2.04328005e+09
 2.04328005e+09
 2.04328005e+09
 2.04328005e+09
 2.04328005e+09
 2.04328005e+09
 2.04328005e+09
 2.04328005e+09
 2.04328005e+09
 2.04328005e+09
 2.04328005e+09
 2.04328005e+09
 2.04328005e+09
 2.04328005e+09
 2.04328005e+09
 2.04328005e+09
 2.04328005e+09
 2.04328005e+09
 2.04328005e+09
 2.04328005e+09
 2.04328005e+09
 2.04328005e+09
 2.04328005e+09
 2.04328005e+09
 2.04328005e+09
 2.04328005e+09
 2.04328005e+09
 2.04328005e+09
 2.04328005e+09
 2.04328005e+09
 2.04328005e+09
 2.04328005e+09
 2.04328005e+09
 2.04328005e+09
 2.04328005e+09
 2.04328005e+09
 2.04328005e+09
 2.04328005e+09
 2.04328005e+09
 2.04328005e+09
 2.04328005e+09
 2.04328005e+09
 2.04328005e+09
 2.04328005e+09
 2.04328005e+09
 2.04328005e+09
 2.04328005e+09
 2.04328005e+09
 2.04328005e+09
 2.04328005e+09
 2.04328005e+09
